20.48780487804878   0.38164556962025314
49.75609756097561   0.5924050632911393
117.07317073170731  0.7632911392405063
204.8780487804878   0.939873417721519
339.5121951219512   1.0481012658227848
444.8780487804878   1.3101265822784811
550.2439024390244   1.2018987341772152
646.829268292683    1.2645569620253165
646.829268292683    1.230379746835443
731.7073170731708   1.3443037974683545
755.1219512195122   1.429746835443038
848.780487804878    1.429746835443038
842.9268292682926   1.5436708860759494
1103.4146341463415  1.5322784810126582
1232.1951219512196  1.668987341772152
1322.9268292682927  1.7487341772151899
1533.6585365853657  1.7031645569620253